% # columns="iteration, evaluation, min max(neg(.)) min(pos(.)) max correlation, correlation matrix principle axes lengths  (sorted square roots of eigenvalues of correlation matrix)", seed=689023, Tue Mar 29 09:32:20 2022
1 7 0.008283281692827396 0.009860558707590533 0.12530897101873092 0.16221449810768124 0.9152389257084091 0.999262413949045 1.0788013426654808
2 14 -0.03805977042534117 -0.01710483985566602 0.15683968304288934 0.19386626010606597 0.9152389257084091 0.999262413949045 1.0788013426654808
3 21 -0.20381102960225064 -0.1938200810732833 0.24923728366763664 0.38693212338564253 0.9152389257084091 0.999262413949045 1.0788013426654808
4 28 -0.17993312409647189 -0.11521370888544386 0.19053441886337164 0.22773104623528212 0.8175389986640857 1.0375219982969455 1.1203473071834633
5 35 -0.39440984156685155 -0.3000530654193187 0.1768548196283261 0.24146733849667482 0.8175389986640857 1.0375219982969455 1.1203473071834633
6 42 -0.29508064997752426 -0.23624904768552196 0.11633623508653605 0.1750330603852198 0.8175389986640857 1.0375219982969455 1.1203473071834633
7 49 -0.14923172275662144 -0.09399439217508977 0.2531451352388527 0.3136209804619685 0.7881591295707586 1.0269735483326485 1.150708702278432
8 56 -0.32295469634109 -0.29267374525398926 0.2476424053946585 0.39746683785710707 0.7881591295707586 1.0269735483326485 1.150708702278432
9 63 -0.11286073885818768 -0.04835959239507512 0.34698017387665037 0.41425894950411296 0.7881591295707586 1.0269735483326485 1.150708702278432
10 70 0.07879465371009162 0.1580446976048079 0.4502474497943071 0.4683983232960905 0.6513246763788082 0.9603888374768531 1.2858574753019476
11 77 0.01898148036358506 0.11036365530080715 0.41011349405172404 0.41864793203147427 0.6513246763788082 0.9603888374768531 1.2858574753019476
12 84 -0.07641737877720142 0.04610518374595066 0.42378550817843136 0.4271563871327728 0.6513246763788082 0.9603888374768531 1.2858574753019476
13 91 -0.06543755057509826 0.05417701483345637 0.4451621284772865 0.45587593428334194 0.5927889866577586 1.0320429533983222 1.258367418379122
14 98 -0.0859768555944521 0.026065848345792855 0.45983921560603025 0.4923876340858644 0.5927889866577586 1.0320429533983222 1.258367418379122
15 105 -0.44730463741340637 -0.3460329397872944 0.3604491777181658 0.4946715192605406 0.5927889866577586 1.0320429533983222 1.258367418379122
16 112 -0.2628558558359365 -0.1956356262029513 0.4196569760771823 0.5575342805375749 0.6174697786905852 1.0023212284472778 1.2704657521585303
17 119 -0.31080613759867715 -0.23643275666521113 0.4215020249372836 0.5664402378713159 0.6174697786905852 1.0023212284472778 1.2704657521585303
18 126 -0.31174808380432545 -0.24379107321823382 0.4484189859846327 0.6111986617994966 0.6174697786905852 1.0023212284472778 1.2704657521585303
19 133 -0.4120296619423425 -0.3416573388844072 0.44226690529027707 0.6332026636239032 0.547398998975867 0.9387548424908012 1.3487378105548502
20 140 -0.44960593801827065 -0.3775369608219165 0.40519033064276294 0.594030450601302 0.547398998975867 0.9387548424908012 1.3487378105548502
21 147 -0.3005180381384409 -0.2138816725215079 0.42574192167160385 0.5523134207857081 0.547398998975867 0.9387548424908012 1.3487378105548502
22 154 -0.3192871706369585 -0.20615905304636922 0.38708541898002435 0.4717054587315663 0.6028401180371469 1.059558578712784 1.2304143246732397
23 161 -0.3555946500227895 -0.26651071544625665 0.33271853876905205 0.44337768893095547 0.6028401180371469 1.059558578712784 1.2304143246732397
24 168 -0.22881286535865453 -0.16732522076123063 0.39007364788366866 0.5143856261678779 0.6028401180371469 1.059558578712784 1.2304143246732397
25 175 -0.18147195015050815 -0.09986203293606923 0.3314776428398471 0.39364761755071365 0.7068914298856103 1.0510121952818807 1.1813881122319794
26 182 -0.20961272000845776 -0.11877363627934881 0.3765534408452682 0.4508233828243649 0.7068914298856103 1.0510121952818807 1.1813881122319794
27 189 -0.19126041295264123 -0.1453705982123645 0.3658919105249031 0.49042293203038223 0.7068914298856103 1.0510121952818807 1.1813881122319794
28 196 -0.09411618860423794 -0.06873314684706561 0.40101997002805867 0.5322213005625944 0.6769071856270618 1.0012706317055073 1.2406666692268735
29 203 -0.021862609455748656 0.021352055056720894 0.4096794231492567 0.49590721466763243 0.6769071856270618 1.0012706317055073 1.2406666692268735
30 210 0.1054412601582936 0.1244979007244891 0.3993199653585763 0.4718706796704098 0.6769071856270618 1.0012706317055073 1.2406666692268735
31 217 0.3621107513584683 0.36636918243077465 0.4126215343865491 0.4237805539661676 0.7581501972847401 0.8049375572376338 1.3331480815368644
32 224 0.25649742692378885 0.2902535204127729 0.4607710399649974 0.48385411966008823 0.7581501972847401 0.8049375572376338 1.3331480815368644
33 231 0.3512408595982741 0.37541711144243056 0.46294651633036815 0.4679467327821909 0.7581501972847401 0.8049375572376338 1.3331480815368644
34 238 0.3823022626553645 0.3989159013678083 0.5093171505237785 0.529503928196658 0.6784592738027846 0.7936972626469514 1.381932584845489
35 245 0.35171798839851787 0.38922769767453513 0.5490615175207287 0.5648297481934426 0.6784592738027846 0.7936972626469514 1.381932584845489
36 252 0.432222326690459 0.4664270804962976 0.597273288139225 0.6066839368810288 0.6784592738027846 0.7936972626469514 1.381932584845489
37 259 0.32127358560010827 0.344496703915129 0.5772448079177741 0.6316043909369684 0.5986188740951209 0.8466240048935528 1.3874016137784657
38 266 0.4535397732359395 0.4622754199896269 0.5510869526842788 0.571955150162142 0.5986188740951209 0.8466240048935528 1.3874016137784657
39 273 0.33348963537607484 0.37013442064944485 0.4853057047720354 0.4870513475395289 0.5986188740951209 0.8466240048935528 1.3874016137784657
40 280 0.3073501248558746 0.3553855622893394 0.5249368035191517 0.5334184464956245 0.6372547953473631 0.8328698537928642 1.3784898013586617
41 287 0.20377612049115665 0.2782563016817138 0.5559893463326029 0.5740868466923421 0.6372547953473631 0.8328698537928642 1.3784898013586617
42 294 0.20078024172274025 0.27888687856368877 0.5369922187956873 0.544920695365405 0.6372547953473631 0.8328698537928642 1.3784898013586617
43 301 0.12996148225537446 0.20245060966290057 0.44359421177526825 0.4514862850718647 0.6668886406193789 0.9329588716453161 1.298016673556674
44 308 0.059981054767594966 0.12558239849661024 0.42032918105632094 0.4529767648472092 0.6668886406193789 0.9329588716453161 1.298016673556674
45 315 0.0905369680064269 0.1416784594417107 0.4619929297340499 0.5176229283962125 0.6668886406193789 0.9329588716453161 1.298016673556674
46 322 0.10286391590928379 0.17157896070993078 0.4797865210274569 0.5138073296659853 0.6392273511766695 0.9497674603856693 1.2997423455055297
47 329 0.11183119646691797 0.17064660910014195 0.4730877697671605 0.5150860773562761 0.6392273511766695 0.9497674603856693 1.2997423455055297
48 336 0.27138688126149896 0.3107645220383655 0.4972008192895534 0.5199686109297494 0.6392273511766695 0.9497674603856693 1.2997423455055297
49 343 0.014945476803877542 0.08252473089271972 0.39314819777105037 0.42911009930831845 0.7010949578616079 0.9930866101371882 1.2337928694992764
50 350 -0.11695131253040879 -0.006843697328903747 0.38769858348778247 0.4091050618918395 0.7010949578616079 0.9930866101371882 1.2337928694992764
51 357 -0.06184661138443424 0.05630280998750348 0.4790138085297665 0.5017680533385831 0.7010949578616079 0.9930866101371882 1.2337928694992764
52 364 -0.15058275275958388 -0.008200869473705838 0.4983653270605797 0.5248388426194635 0.5003468523663075 1.0707188123405653 1.2661809713572296
53 371 -0.22324061870122403 -0.05135198003922056 0.5288107502661711 0.5503096883726315 0.5003468523663075 1.0707188123405653 1.2661809713572296
54 378 -0.16592222170757243 0.004530388491987142 0.5594169732278168 0.5739265579402004 0.5003468523663075 1.0707188123405653 1.2661809713572296
55 385 -0.21199387271931666 -0.04728920849714838 0.5294636675361852 0.5570099619917949 0.4169130384541792 1.098144608054049 1.2728951010074332
